29ss 1333111.

Non 13 333331; 311· 13 333 333 13133 1111133,
83111333 3· 3313 31 331113 311 31 333313
(111·13 313 11133333 113 33313113 (11311331 -

13 313 3 13113133 11 mondo 11 331111313,

Ε 33311 11 333113 1131 33113113 3113113,
Ε s' egli 11113313, ο 3313 3113133313131

E s' egli 11 1313 ch' 33, 3113 333 313 313113,
Ν33 3113331333 3113 311 3131311313
[13311113 31 3333313 3 133113113113.

1313 quant'a me 131133 1133 11331313,

Ch’i' 333 33 voglio 131331131 3111 sonata ;·
Μ1 33313313 1131 3131 311’ 131113 31131313. ,
’ E 3313113 3311 3313333 3113 11113313,
11111131 31313331 senza occasione,
Come 133 13331113111133 3333 131313;
111 333 33313313 1111· 13 3113 ragione,
Ε 311313 313333 13 3331331311131

So 3113 13 1131 313111113 3 (11331131333.

La prima 333113313311331 sia,
Guarda se 33113 311133 11 331 1111113,
E 311’ io 11311 33333 1313 1 13111 1313,
Come sarebbe 3311313 3113 133313113;
Μ3 131 13333 3 133131 11131 113113 33113,
Μ33113 3113 113 31113 13 3333 31 113313113-
111333 31111 31313 311313, 3 113333 11333113
(11133 1131131 vadia 3 3333 13 3311333;
La 133313131111 333 13 333133113.
Ε 11 131131 queste 3333 3331 311333
Mi 13 331 1311333131131113 33333133313,
Ε bene 333333 311333131 13 mane.
03113 333131. 3113 31 31311333 113333313
113113 1313 3311331333 3 1131 3113 11333,
11131311 3 3111133 311’ 1’ 333 33 13 31133313.

 

