31111 ⁴ 1111 nr 1111111·

110 11 81οζ 11111110 11 010111111 010101101101110, 11111·Ι
simoin 111 vocemmeam corporatura quadrato, di giusta
1111101111 1010011111011 pernotum 110011001, 1101101111
111111 11111; (11011 1111111111 11111011, 11 1111001010
1101111110100, 1111111111111111 1111111111, 1111101110 11-
11111111 10111110 11· 11100111111. Fu 1101111 1 motti 10111
111111011 1 1111111 100101111111, 1 0111 10111 assalito 10 gravi
1 0111101011 (11111111, 110101111 11 0110 01111 1110111011
11110] 1110111101111011111011011 1111111, 011 11 quali bene
101110 1100110111 11 10111 111111. Fu 1111101110 011 011111
00111111110 0001 11111 101 111,’1100 1110111110111111111,
11110111111011010111 0011111, 1111 11111111101110 01011·
111110011111110111101111’111101 in 1111111 1100111 11111
0111001, 011011111 11 111 1111· 1111111 1111111110, insieme oon
1011011111 110111 1001, ne' 11111 ardentissimi 1’ 1111111111.
11 011 11111111 1001111011Ρ11011,10110011111 11 011
· stanza assai 111111, 011 110011 t'oro 0111 101011 111 giorno,

· 10111111101111111111110111,10111111111011111011 11 un

servo 101111 111 1111111,0111100111 10111111 111 011
1111111 10110101111 11 01101100 111101111111010, 01111110
11 moti 1111011 1’ acque ohe quivi 10011110 1111111100.
, 01111011110, 011 111111111101 010110 11 1011111111, 111·
11010 1 10101 101011111 1111001111 11 vestimenti, nel 111000
11 1110111111100111010. 1111110111 0111 0110110 1010
0011 (0111011111 per 11 membra, 1111 111011101011, 1111 101 “
1110111011110011 011 11 1111, 11111 1001010111111011111111
11111 11111 1 10011111 111111011,10111111111110 gravissime
1111111111, 0111100111 01011’100101001 in 001111 010101 se
no mori, 1’ 11110 01111 101110 1 000 11111 0110 tempo, 1
11 Signor 1111110011111 ta 1111111110111001111101, 11111
quale mai non 0011 1111111111.

Non 01011 maggior 10111110 01111 01111011 1111101100,

. 11 migtior 011111111110 11111 sanita, cirenei 001111 11111111

101111; 1 011111,111100 1110110 (11 Pastore, 1111101111 sem·

 

