110111 Amo 11111 111 (immo,

Nom 2 (333. 328)
13113 [emiolia 111 11311131.

1133311313113 11313113313 3113333313 1311113113 iu 13113 11311113
(1113131111, 3 3113 33 13 113313333 1331131131113111133311113131113,
1131313 11311313 11 1111111331311111 331 0113111313 111 8311311333,
padre di un Gaiiieo per 311 1313111311311111133313113, edi Giovanni
313 sede de’ signori nei 1381, 3333113113 3311113111 11113 13 prosapia
113’11311131; loquele (131 (13113 3113 1113 31 11118 3313113 3111113113113
11 1113131331131311311113113131131313 di Gioeiieia. 1131 nominoio
(11313111133313 1133311311311133 11113331131133 de' 3131 131131, 33111313,
3313131133131313, 331 133313333 3311113 13113 1131131313113113313.
1111131113 3311311331113333 medicina 11311111113131111 di 1113113 1113
11311138, 3 31311 1133111113313 13111, 333 313131313 3113311113, 3
31131313 31313 113131113 (11313311 (11331313 31311313 di Piombino,
131 quale 3333 313 1311133. 8313113 331 331 1111131131311313111 Giu-
311113, 3 331 due 13113 11 de’ Priori di Liberti. Gli 11 (1313 333131313
3333111131311131133311 5311311333, 131 331111311313113 quale ve·
desi 13 333 111313 113113 33313113 3 133331111313 11 11 1331131311 1131-
113 111133, 313 11 11 secondo 13113 131313 11 113113 3113111313 di 113113
chiesa, 331 13 33313113 1331111313 3331311 da 1311313113 di 1111311313

Temporibus 1113 suis 113133331333
313113 Medicinae 11111133 seii, 31 1113313131
amomis 13 1111111118 oiim 1011111118, qui
311313 Summo 111 1133131311 mire ·
3331313 modo Rem 3311133111 11133111,

eujus 3333131 memoriae ime 33131
31133 piae, Benedictus 1111311113 1113111313
Petri, 3111,331331333313113, edidit.
1131311111313 dei 333131131111313 1133311311311133 111113131311-
geio, 113131333113113113 13113 de’Signori 131 1131 3 131 1138, 3 11

331131310331131131113131111331311313 131 Berge 3 5318333113, 3113
genero 1113131313313, 3 31331111333113 3311131131 133113 (1311133, come

dai 33313113 Romo 331313 (1311111313 delia 1311131131131131 113333 in-

313113 (131 Ν3111, 3 1133113131131 Venturi 3311 mollissimi 111331131311111
311311.
11111113 11111111. - Τ. 11. 111

 

