1010010 11010000 01 011110. 21

0100 31000110, 001 00310 ad 0003 01 001000, 0 13 1110130111
1101 1111013113 0000111010 dolio 10110 01 poso 001011011313
03110 1101 semidiametro, 0000111, 00113 propositione 01000- -
013, 0110 110113 1310110113 1101 11101100131101101110011011313
03110111 quello 0110 010 00113 0000111010110113“10113; 0 001-
0111 00111013 1010113 100, 0310011000 1011313 03110, 0101
1010113Ἰῖ i, 1001011 13 1310110113 del 11111110 1010113 87 i.

Ripreso poi 11 secondo continuio, 013100010110100
10100 1010031010 111313 00’ 31113 11003 0100 31 000110, 000
0003 termino 13 1310110113 dei secondo 00101110,1100310001
000010 1001300 (131130000111010110110 101130011 1101 semidia-
100110, 00001313 0011 1301011001ωο 01000111000 13 1110110113
0110 011 13 0000111010 1 1010113 11111, 100111 13 1310110113 101
secondo 00101110 1010110 75; 0 0000113010 011011 ordino 001
10110 0 003110 grado di 00001310 10 1310110110 000 in 010-

00111000 110110 (11013010 1010 113113 0000111010 110113 10113, 31 ·

1011030000οὸ (111310110113 1010113 010, 0 31 003110 101-
0113· 50.

Μ3 0011101011010310 13 1310110113 dei 001010 013110, 01000
00113100 110110 00013 13 0000111010 (1011010113110000110313,
0000010 0010111 11 001010 013110 01 divide 101000010111, 11
011010 dei 00311 300013 01 1111111010 duo 0110010101 00113

03111110 51100 0 00110 10000, 103 1100000110 10101110, 0101 13
’ 01111, 10013 indiviso: 0 0010111000010013101 1001300 113113

0000111010 110113 10113 -g 1101 semidiametro, soemando oon 01·Ι ,

0111 010001110ηο 13 1310110110 0110 00113 0000111010 (1011310113
1 1010113 3011, 03111313101101131101001010 013110, 0101 101-
0113 112 0, delio 011311 13 10113 03110, 0101-37 ᾗ, 00 1110110
3113 0310110, 31110 310 3110 10000, 131113 10113 03110 31
011011010 degli 01001310111 1100110 13 01111.

E 0001 0100 3 000010 013110 si sono 0000001310 00110
1101Ιο 111001 000110313 0110 00113100 00010 13 10113 01 0013-
1000, 0101 0031110 0011 01131110 011011 0010111,0110 001
11001010. “ ,

 

