16 000 10110οι

iem 01 11010010 00000 10 0000011010 1011000100010 1011001000
0 10110 10000000 10 1001001100 00110 10110 00010000101011-
000101001011010110001 dunque 1010 0100000 000 101101 000
0011001111 10 Jerusalem daii’ 01100 0100 01000100 101 100010
010 111010 0οΤ 01100 11000 10110, 0 0010100 00 0011010 11 000·
, 01110 ,000100οί0 10110 100 11000 0110 0000000101 000100 0

10110100 101101 1011000101οωοοί 001 ohe, 010010 immobile
10 11000 0110 000010000 Jerusalem 011 000110, 010 1000οο 10
0100 10000 0101110 11000, 0 0110 10 101000 01010 0010 10-
01100101010000,010000001 110 10010 0110 1110101 0010 01
001111 0011 10011010 10110 10000000 00110 0101110 01000000,
11 quale 00 01 10110001000010000001001010 10110 10100, 00-
01011 001 10000 00’ 010 000 1100010 101010 1100010000000-
1101ος 0 questo 1 1· 10100001 0 10 questo discorso 00 0010010
011010 10 10000, 0000010 11 0110, 0000010 101010010 00010, ohe
ii suo 1100010οἱ100 00010 1 11 000110 101 010010, 0 10110000
0100001010 01000 00000101 00110 10110 10000 0110 1101 000
100110 0000111010 1010001001, 00100 0000101000ῑο 01 0000 111
110010 quando, 1000011010 0110 10 00001100111011000100
11101110 0111101000, 010 10 11101110000010 00101οτ

Ε 00’ 01 00110 1010101000 010010
(1111 00000110 0 quoi 0110 10 0000 00000
1000101110, 0 0011οἸ 001 001010 00000010
10 10010 0110 000000 0 visse senza 00000.

E 001 0000010 000101011010010110, 00001110 0010 001-
1011οο 010110οο, conferma 11 100100110011000101

’ , 2⁶⁵³* 01οῚ 0010 011001000010 010010
Lo 001 1110011100 00001100000101110
1010001010 001 000 0101 0110 00010.

E 000010 0110 010010110,100010010 11010100 quanto 1
11 0010111001011010110 1010ος 0 00110 000 0100001000, 0110 1 11
00101110 0110000 0 Jerusalem, 1 01110110010 000 diametro:

 

