00101010 1110 01 0011100. 113

0011101111001100, 10 1100000100 0000 effigiale 001 0011010010. 10110
queste 001000010 110111οο 11000000000 1110 0 0011011000010010.·11180·
101011110111100000111100000, 101 silvestri 0000110101010010 1101010110
0010101100 10 1001010ηο 11 00010 0100101011).

0 Νο1 0000010 0100, 0110 000010 10 0010 101 1001111010, 11 100010·
1001010 0011 0110111001000 1011100011οωἰο 101 (11100010 10 1111010 101010
00 10010 00001101 00110 10000101011011, 000111 10 0101010, 0000 gli 0110-
100011 0011111 0110 0000110000 11 quella.

0 1101 1001111010, 1000101011 0001110 0010011011 0001110 0101010
1000000, 10110101010100100110101 01 010011, 01 110 10000000 0011100
00011000 00110, 100010 100010 01101110. ΑΙ 1100010101 0010101000 00·
0100010 10 0001Ιο 0010000, 100 01111 0111000111, 101010 101 1100100011,
01101000 11 011101100 00100010 0110 memoria 11 11011100. 10 000 0 11-
Δ 110110 111000100001001010110 101000001101001010 101 000010 XVIII, Ales·
000110 1011ος 11 quale 100010010111010100010100010 11 10111100 00110
0101100011 111 Francia, 11000010 gli esperImenIi della 000 011011000010
1100010000, 001 100 001000110000, 1101111011οΙ, 1100000110, 10010100,
10010110, 1001000, 10000110, Μο11000, (101101, 11011100011000001
101100100ῑο 1000011, 010 10111 101010010 00000011- 1101101110 1000110
1 11 1000100101000011010 1110011000 11 quei 0001101 11011001 11001
10010 1000010010 0101 1010 0 0110110 10110, 10 0010010,1010110101100
110111 0111111100) 10 011011 0100001010 0 10101100 sforza 11 gran ma·
1010011οο Fra Luca 1001010. - Negli auguli 10110 10110 101000 101 11011
101-8011010111 110101010 Natura, 10 11100010, 10 101001010010, 11 Ve-
1111; 0 ben condegnamente 000010 110110 111100 11001000 0011011111000
1101110011010010001101 011 1100011 0001011 10110 011010 egli 010100,
11 101000 00110 10110 0000010 01 1011111,000000 1010100110100101101· “
110, quando 001010 10 0100010010 011011000110111100, 01 00011101 11001
01110 000 11010 001010, 00100011001 000 0000 di vergIne 00000110·
10101 1111111110 011011010 101 000010.

a 1010100 01 1001111010 010000 11001ος11001 111 110001011101111·
10111, 1110100110100010011000101, 10101110111010 10110 10110 0 11000οι
1001110110 111110οΙ11 (1). “

(1110110111 01011010 0010 agli 1111000111 10 10001011010 001 1100 10 Το-
10000. 1100010 10 siena 01000010010000100111011101000 001 1001010 1 010111
0101011101, 000 00 melodo 10110 0 01011110. -11, B. silvestri Io 00110110οὸ0
10 00010000 01 00001 0111 0101110 0 quello imniegato 01010111, 000 1000010
011 000 101 1100000 0 10110 000100110 00010 gli 0011011010οη 10110.

(1.1 80010111 10 10111, 11010000111, 10110101 0100111.

 

