248 33331333333331

11333313113 13 3331311313113. Ε 3133 (1133313 331313 331 1333 333
questi vostri 333311 Ε 33 331 11133133131133 13113 dal 13133
131 33313; 13313 maggior 3313313333313 3331313113, parcho
3131 o 33113, 3 33 3 dormis 333 33 3333333, merita pio
sodo 3131111313 3113 3331133133313 3133 13 33333 333 331333,
3333333 ὲ 3113 13 31131133 3 33333333 311 333331 13 31131
313313 33 stesso (1).

833333 XXVI, v. 8

Se 333 3333131 333 131, 3333113 3333313.

Pistor 3331133 3333313133, 3113 maga ὲ 333313 133, 3133 po·
13313 darii 3331 1331133133311 3 3333313131333133133331 333·
3333 3333331331, 11333 333313 333111311313311113133313, 3 13
13 3333113 333313313133 13311333 3331113331133313331
13331 11313313. ¹

831333 ΧΧ111, 3. 11

83113 33 13113 3331133333 33133 3 333311 3311.

Si 33113 3333333313 3133 333313 Poeta 33333 13 mento di·
3133113 13 molto 13311131333313331331, 3 33313 33311331333,
333 31 3133313313 13333 di aver 13113 di sopra 3113 331 333-
133 1131 palazzo 333 13313, 333113 33113313 11 palazzo, 3 31
33 3331333113 13 questi 1311331311.

5331133 11111111, 3. ’1 3 8

11131 311 bromo 13331333, 3 13333 331 dorso
Ρ33133313,331313 3133133 331 corso.

(1) Qui 3313 3133333313 11 (133. Venturi 333333 1333333313 irrisorem
1113311333 13 131 modo 033333, 33133333 333 313 nominato, (131 331 (tinto ἀί
venero ’13333 ha 13113 11133 di 333113 (11333113. [Gli 33111331)

 

