334 1111 11 1111111

11111111111, 1 11111 11111111111111111111 11 111111111;1111
11 padre 11111 111111 1111111 quando 11 111111111111111111
11 111 1111111, 1 1111111111 1111,1111111111111111111111·
menti, 1111111111 1111111 1111111111. Μ1 111111111 11111 11
8111111111, 1111111 11 111111 111 gli 11111 11111111111111-
1111 1111111 primo 11111 (1131 1111111111, 11111111 prova- 11
111 11111111 111111 1111111111 1111 1111 111,111111111111
1111111111111111111147 1111111111111 1 1111111111 111111
1’ apprendere 11 1111111111111111,1111111 animo. 11 1111111
11 11111 1111111111111111111 libro: e 1111, 111 111111111111
111 padre, 111111 1111111111, 111 11111 11111111111111·
1111 appresso 1’ Euclide, 111 potes 111 1111 111111111111
1111111111111111 11 111111111111111111111111. Fine!-
1111111 1111111111 1111111111 111 1111111 1 1111111111111111
parevagii 111111111111111 11 pochi mesi* 11 1111111111,
1111111111111111, 111111111111 11111111111, 11111 1111111
11111 11111111 1 1111111111 11111 11 tempo 1111111, giumo·
11 11111 libro 1’ Euclide, si 1111111111 111 sentires! [11111
11 111111111111111 stesso 11111 11111 11111 geometris.
piegandolo 111111111 111 11111 11111111 11111 11111111
,111111111111111 propria 111111111111.’111111 11 padre, e eo· '
11111111 11111 11 111 1111ρὶ111111111111111111111111111·
111111 11111111111111111111111]1111111111 oh’ egli 111111·
111 1111111111, 111 11 1111111 111 1111 111111111111111111.
11 1111111111 111111 1111111111 (1).

111111111111 dunque il Sig. 111111111111111111111·

- 1111, 11 breve tempo 111111 gli Elementi 1111111.- 1111

1111111111111111 11 prims 111111, 11 armando-ani Equi-¹
1111111111 11 11111111 11 111 1111111111111111 111111111-
11111111,11111111ς1 11 nuovo 111111111111111111111111
seoprire 11 1111111 1111111111111111-111111111111111111,

1111111, che 11 111 1586 11), scrisse 11 11111111111111 111111

11) Nou 3.
(1) (1111111111111111111111 1111111111 1586 1111111 1111111111111111111.

 

