3311111131 3. 3131131. 3111

(11 3331331 ρ31 1313331131133 333 1’ 1313333 3 313111 13311111(
311331 flammina per 1311131133. Ε desiderando S. 13113
1311333311333. 33133 ρ13ρ313133313 3113 grandem (11 333113
331333, 13333333 ρ13313 13331311333 33113331313,3313ρ1333-
3331 3113 11 813. 11311133, ρ3113311113131 mezzi 33113 3331131111
311333 1133, 3331311333 3 833 Μ33311 33 31113 333 333313
11331113, ρ31111 grandissimo uso e 33331313 33113 333133-
11333, (13 S. Α. 3113131133333 3 custodito 333 3331313333 ed
313 11333331333 d'un 31113 1111313313 03331313, 331 33313 ρο·
133331 (1311331133 (1311 3111313 3 (131 3313333 (1333 331313 1133-
333331 (13 1331333 13 3331111, 33133133 13113 (1333333111 33-
mici, 33331 prima (131113113133 3131331313333 33331 ρ13313333
3133111111 3113 333 13331113 libero, guardandosi 33111313333
tempo con 313331133 311 333111, 3 ρ313311331 di ρ111333133-
11113 (131131311331333333 (13113 propria galera, e in modo
occultat 13 3113133313 3113 31111 333 33 3ρρ133113 13 13111111-
, 33. Ma 33313 ρ31 13 ρ111 33331313331313113331111133133111
113ρ1333, 3113 333313 3333 (11 (33331311 33333333333, 13313
33331311 3’133331(33313(11111331111331 33113113 3 333313-
(13113, (13ρο 3131113331 (11 3333311113, 33313 ρ333111113 1313113
ρ31 3311 3331113311 1 311313111 (11 333113 331333 31133ρ3113333
(131 3313313 1111111313, 333 3313313 3113 11813113111333113333
313113 (11 3331311131 ρ3133331313313 13 11311333 3 81313113,·3
(1333 13333 3333133, 333 provvedimento di quanto 31133333-
(1333111 1313 131ρ1333 31 11331313333, 3333 13133 31311311
133113113 3333131 (3311331131 1113113311, 3 333111 3113 (13333333
13 3333 3ρ31313, 3 (11 3331311113 113313333133 3111 13333 pia· “
31313 3 833 Μ333111 13113311 3113 31 3ρρ311333333 3113 ρ13·
ρ3313 1333311333. 83331 (133333 11 11311313 33113 8ρ3333,
restando 3311 3 8. Α. 8. 3 31 813. 11311133 1’ 1313331333 (11
313133333113 31113 33113 13 33331331313 (31311311.

· 1313313 13 113 11331313 3113 3ρρ313313331 1618, 3 13 3ρ3-
313 333113 3113 31 vide 331 33333 (11 8331ρ1333, 311313 ρ111
3333ρί333 3 (11 ρ111 13333 (131313, 33333 13331313 33311333

 

